# Created by Octave 3.4.3, Mon Oct 21 10:09:31 2013 Central Daylight Time (Mexico) <unknown@unknown>
# name: B
# type: matrix
# rows: 7
# columns: 7
 0 10 9 0 0 8 0
 0 0 -4 -1 0 0 0
 0 0 0 0 6 0 0
 0 0 0 0 5 0 2
 0 -2 0 0 0 -2 0
 0 0 -3 0 0 0 7
 0 0 0 0 4 0 0


