# Created by Octave 3.4.3, Wed Nov 20 03:36:08 2013 Central Standard Time (Mexico) <unknown@unknown>
# name: A
# type: matrix
# rows: 7
# columns: 10
 0 0 0 0 0 0 1 1 1 1
 1 0 0 0 0 0 0 1 1 0
 0 1 0 0 0 0 0 0 1 1
 0 0 1 0 0 0 0 1 0 1
 0 0 0 1 0 0 0 1 0 0
 0 0 0 0 1 0 0 0 1 0
 0 0 0 0 0 1 0 0 0 1


