octave:177> simplex_method(A, b, c, true)
M_aux =

   1   1   1   0   0   0   0   0   0   1   0   0   0   0   0   0
   1   1   0   1   0   0   0   0   0   0   1   0   0   0   0   0
   0   1   1   0   1   0   0   0   0   0   0   1   0   0   0   0
   1   0   1   0   0   1   0   0   0   0   0   0   1   0   0   0
   1   0   0   0   0   0   1   0   0   0   0   0   0   1   0   0
   0   1   0   0   0   0   0   1   0   0   0   0   0   0   1   0
   0   0   1   0   0   0   0   0   1   0   0   0   0   0   0   1

c_aux =

   0   0   0   0   0   0   0   0   0   1   1   1   1   1   1   1

basis_aux =

   10   11   12   13   14   15   16

starting!
*******************************************
iteration 1
c =

   0   0   0   0   0   0   0   0   0   1   1   1   1   1   1   1

b =

   6   5   5   5   3   3   3

current_value = 0
basis =

   10   11   12   13   14   15   16

basis_complement =

   1   2   3   4   5   6   7   8   9

M =

   1   1   1   0   0   0   0   0   0   1   0   0   0   0   0   0
   1   1   0   1   0   0   0   0   0   0   1   0   0   0   0   0
   0   1   1   0   1   0   0   0   0   0   0   1   0   0   0   0
   1   0   1   0   0   1   0   0   0   0   0   0   1   0   0   0
   1   0   0   0   0   0   1   0   0   0   0   0   0   1   0   0
   0   1   0   0   0   0   0   1   0   0   0   0   0   0   1   0
   0   0   1   0   0   0   0   0   1   0   0   0   0   0   0   1

B =

   1   0   0   0   0   0   0
   0   1   0   0   0   0   0
   0   0   1   0   0   0   0
   0   0   0   1   0   0   0
   0   0   0   0   1   0   0
   0   0   0   0   0   1   0
   0   0   0   0   0   0   1

N =

   1   1   1   0   0   0   0   0   0
   1   1   0   1   0   0   0   0   0
   0   1   1   0   1   0   0   0   0
   1   0   1   0   0   1   0   0   0
   1   0   0   0   0   0   1   0   0
   0   1   0   0   0   0   0   1   0
   0   0   1   0   0   0   0   0   1

B_inv =

   1  -0  -0  -0  -0  -0  -0
   0   1  -0  -0  -0  -0  -0
   0   0   1  -0  -0  -0  -0
   0   0   0   1  -0  -0  -0
   0   0   0   0   1  -0  -0
   0   0   0   0   0   1  -0
   0   0   0   0   0   0   1

lambda =

   1   1   1   1   1   1   1

reduced_cost =

  -4  -4  -4  -1  -1  -1  -1  -1  -1   0   0   0   0   0   0   0

value =  30
enters column:
j =  1
exits column:
i_s =  14
counter =  1
--------------------------------------------------
iteration 2
c =

  -4  -4  -4  -1  -1  -1  -1  -1  -1   0   0   0   0   0   0   0

b =

   6   5   5   5   3   3   3

current_value =  30
basis =

    1   10   11   12   13   15   16

basis_complement =

    2    3    4    5    6    7    8    9   14

M =

   1   1   1   0   0   0   0   0   0   1   0   0   0   0   0   0
   1   1   0   1   0   0   0   0   0   0   1   0   0   0   0   0
   0   1   1   0   1   0   0   0   0   0   0   1   0   0   0   0
   1   0   1   0   0   1   0   0   0   0   0   0   1   0   0   0
   1   0   0   0   0   0   1   0   0   0   0   0   0   1   0   0
   0   1   0   0   0   0   0   1   0   0   0   0   0   0   1   0
   0   0   1   0   0   0   0   0   1   0   0   0   0   0   0   1

B =

   1   1   0   0   0   0   0
   1   0   1   0   0   0   0
   0   0   0   1   0   0   0
   1   0   0   0   1   0   0
   1   0   0   0   0   0   0
   0   0   0   0   0   1   0
   0   0   0   0   0   0   1

N =

   1   1   0   0   0   0   0   0   0
   1   0   1   0   0   0   0   0   0
   1   1   0   1   0   0   0   0   0
   0   1   0   0   1   0   0   0   0
   0   0   0   0   0   1   0   0   1
   1   0   0   0   0   0   1   0   0
   0   1   0   0   0   0   0   1   0

B_inv =

   0   0   0   0   1   0  -0
   1   0   0   0  -1   0  -0
   0   1   0   0  -1   0  -0
   0   0   1   0   0   0  -0
   0   0   0   1  -1   0  -0
   0   0   0   0   0   1  -0
   0   0   0   0   0   0   1

lambda =

   0   0   0   0  -4   0   0

reduced_cost =

   0  -4  -4  -1  -1  -1   3  -1  -1   0   0   0   0   4   0   0

value =  18
enters column:
j =  2
exits column:
i_s =  11
counter =  2
--------------------------------------------------
iteration 3
c =

   0  -4  -4  -1  -1  -1   3  -1  -1   0   0   0   0   4   0   0

b =

   3   3   2   5   2   3   3

current_value =  18
basis =

    1    2   10   12   13   15   16

basis_complement =

    3    4    5    6    7    8    9   11   14

M =

   1   0   0   0   0   0   1   0   0   0   0   0   0   1   0   0
   0   1   1   0   0   0  -1   0   0   1   0   0   0  -1   0   0
   0   1   0   1   0   0  -1   0   0   0   1   0   0  -1   0   0
   0   1   1   0   1   0   0   0   0   0   0   1   0   0   0   0
   0   0   1   0   0   1  -1   0   0   0   0   0   1  -1   0   0
   0   1   0   0   0   0   0   1   0   0   0   0   0   0   1   0
   0   0   1   0   0   0   0   0   1   0   0   0   0   0   0   1

B =

   1   0   0   0   0   0   0
   0   1   1   0   0   0   0
   0   1   0   0   0   0   0
   0   1   0   1   0   0   0
   0   0   0   0   1   0   0
   0   1   0   0   0   1   0
   0   0   0   0   0   0   1

N =

   0   0   0   0   1   0   0   0   1
   1   0   0   0  -1   0   0   0  -1
   0   1   0   0  -1   0   0   1  -1
   1   0   1   0   0   0   0   0   0
   1   0   0   1  -1   0   0   0  -1
   0   0   0   0   0   1   0   0   0
   1   0   0   0   0   0   1   0   0

B_inv =

   1   0   0   0   0   0  -0
   0   0   1   0   0   0  -0
   0   1  -1   0   0   0  -0
   0   0  -1   1   0   0  -0
   0   0   0   0   1   0  -0
   0   0  -1   0   0   1  -0
   0   0   0   0   0   0   1

lambda =

   0   0  -4   0   0   0   0

reduced_cost =

   0   0  -4   3  -1  -1  -1  -1  -1   0   4   0   0   0   0   0

value =  10
enters column:
j =  3
exits column:
i_s =  10
counter =  3
--------------------------------------------------
iteration 4
c =

   0   0  -4   3  -1  -1  -1  -1  -1   0   4   0   0   0   0   0

b =

   3   2   1   3   2   1   3

current_value =  10
basis =

    1    2    3   12   13   15   16

basis_complement =

    4    5    6    7    8    9   10   11   14

M =

   1   0   0   0   0   0   1   0   0   0   0   0   0   1   0   0
   0   1   0   1   0   0  -1   0   0   0   1   0   0  -1   0   0
   0   0   1  -1   0   0   0   0   0   1  -1   0   0   0   0   0
   0   0   1  -1   1   0   1   0   0   0  -1   1   0   1   0   0
   0   0   1   0   0   1  -1   0   0   0   0   0   1  -1   0   0
   0   0   0  -1   0   0   1   1   0   0  -1   0   0   1   1   0
   0   0   1   0   0   0   0   0   1   0   0   0   0   0   0   1

B =

   1   0   0   0   0   0   0
   0   1   0   0   0   0   0
   0   0   1   0   0   0   0
   0   0   1   1   0   0   0
   0   0   1   0   1   0   0
   0   0   0   0   0   1   0
   0   0   1   0   0   0   1

N =

   0   0   0   1   0   0   0   0   1
   1   0   0  -1   0   0   0   1  -1
  -1   0   0   0   0   0   1  -1   0
  -1   1   0   1   0   0   0  -1   1
   0   0   1  -1   0   0   0   0  -1
  -1   0   0   1   1   0   0  -1   1
   0   0   0   0   0   1   0   0   0

B_inv =

   1   0   0   0   0   0   0
  -0   1   0   0   0   0   0
  -0  -0   1   0   0   0   0
  -0  -0  -1   1   0   0   0
  -0  -0  -1  -0   1   0   0
  -0  -0  -0  -0  -0   1   0
  -0  -0  -1  -0  -0  -0   1

lambda =

   0   0  -4   0   0   0   0

reduced_cost =

   0   0   0  -1  -1  -1  -1  -1  -1   4   0   0   0   0   0   0

value =  6
enters column:
j =  4
exits column:
i_s =  13
counter =  4
--------------------------------------------------
iteration 5
c =

   0   0   0  -1  -1  -1  -1  -1  -1   4   0   0   0   0   0   0

b =

   3   2   1   2   1   1   2

current_value =  6
basis =

    1    2    3    4   12   15   16

basis_complement =

    5    6    7    8    9   10   11   13   14

M =

   1   0   0   0   0   0   1   0   0   0   0   0   0   1   0   0
   0   1   0   1   0   0  -1   0   0   0   1   0   0  -1   0   0
   0   0   1  -1   0   0   0   0   0   1  -1   0   0   0   0   0
   0   0   0   0   1   0   1   0   0  -1   0   1   0   1   0   0
   0   0   0   1   0   1  -1   0   0  -1   1   0   1  -1   0   0
   0   0   0  -1   0   0   1   1   0   0  -1   0   0   1   1   0
   0   0   0   1   0   0   0   0   1  -1   1   0   0   0   0   1

