octave:194> simplex_method_customized(A, b, c, true)
M_aux =

   1   1   1   0   0   0   0   0   0   1
   1   1   0   1   0   0   0   0   0   0
   0   1   1   0   1   0   0   0   0   0
   1   0   1   0   0   1   0   0   0   0
   1   0   0   0   0   0   1   0   0   0
   0   1   0   0   0   0   0   1   0   0
   0   0   1   0   0   0   0   0   1   0

c_aux =

   0   0   0   0   0   0   0   0   0   1

basis_aux =

    4    5    6    7    8    9   10

starting!
*******************************************
iteration 1
c =

   0   0   0   0   0   0   0   0   0   1

b =

   6   5   5   5   3   3   3

current_value = 0
basis =

    4    5    6    7    8    9   10

M =

   1   1   1   0   0   0   0   0   0   1
   1   1   0   1   0   0   0   0   0   0
   0   1   1   0   1   0   0   0   0   0
   1   0   1   0   0   1   0   0   0   0
   1   0   0   0   0   0   1   0   0   0
   0   1   0   0   0   0   0   1   0   0
   0   0   1   0   0   0   0   0   1   0

B =

   0   0   0   0   0   0   1
   1   0   0   0   0   0   0
   0   1   0   0   0   0   0
   0   0   1   0   0   0   0
   0   0   0   1   0   0   0
   0   0   0   0   1   0   0
   0   0   0   0   0   1   0

N =

   1   1   1
   1   1   0
   0   1   1
   1   0   1
   1   0   0
   0   1   0
   0   0   1

B_inv =

  -0   1   0   0   0   0   0
  -0   0   1   0   0   0   0
  -0   0   0   1   0   0   0
  -0   0   0   0   1   0   0
  -0   0   0   0   0   1   0
  -0   0   0   0   0   0   1
   1   0   0   0   0   0   0

lambda =

   1   0   0   0   0   0   0

reduced_cost =

  -1  -1  -1   0   0   0   0   0   0   0

value =  6
enters column:
 1
exits column:
 7
--------------------------------------------------
iteration 2
c =

  -1  -1  -1   0   0   0   0   0   0   0

b =

   5   5   5   3   3   3   6

current_value =  6
basis =

    1    4    5    6    8    9   10

M =

   1   1   0   1   0   0   0   0   0   0
   0   1   1   0   1   0   0   0   0   0
   1   0   1   0   0   1   0   0   0   0
   1   0   0   0   0   0   1   0   0   0
   0   1   0   0   0   0   0   1   0   0
   0   0   1   0   0   0   0   0   1   0
   1   1   1   0   0   0   0   0   0   1

B =

   1   1   0   0   0   0   0
   0   0   1   0   0   0   0
   1   0   0   1   0   0   0
   1   0   0   0   0   0   0
   0   0   0   0   1   0   0
   0   0   0   0   0   1   0
   1   0   0   0   0   0   1

N =

   1   0   0
   1   1   0
   0   1   0
   0   0   1
   1   0   0
   0   1   0
   1   1   0

B_inv =

   0   0   0   1   0   0  -0
   1   0   0  -1   0   0  -0
   0   1   0   0   0   0  -0
   0   0   1  -1   0   0  -0
   0   0   0   0   1   0  -0
   0   0   0   0   0   1  -0
   0   0   0  -1   0   0   1

lambda =

   0   0   0  -1   0   0   0

reduced_cost =

   0  -1  -1   0   0   0   1   0   0   0

value =  3
enters column:
 2
exits column:
 4
--------------------------------------------------
iteration 3
c =

   0  -1  -1   0   0   0   1   0   0   0

b =

   3   2   5   2   3   3   3

current_value =  3
basis =

    1    2    5    6    8    9   10

M =

   1   0   0   0   0   0   1   0   0   0
   0   1   0   1   0   0  -1   0   0   0
   0   1   1   0   1   0   0   0   0   0
   0   0   1   0   0   1  -1   0   0   0
   0   1   0   0   0   0   0   1   0   0
   0   0   1   0   0   0   0   0   1   0
   0   1   1   0   0   0  -1   0   0   1

B =

   1   0   0   0   0   0   0
   0   1   0   0   0   0   0
   0   1   1   0   0   0   0
   0   0   0   1   0   0   0
   0   1   0   0   1   0   0
   0   0   0   0   0   1   0
   0   1   0   0   0   0   1

N =

   0   0   1
   0   1  -1
   1   0   0
   1   0  -1
   0   0   0
   1   0   0
   1   0  -1

B_inv =

   1   0   0   0   0   0   0
  -0   1   0   0   0   0   0
  -0  -1   1   0   0   0   0
  -0  -0  -0   1   0   0   0
  -0  -1  -0  -0   1   0   0
  -0  -0  -0  -0  -0   1   0
  -0  -1  -0  -0  -0  -0   1

lambda =

   0  -1   0   0   0   0   0

reduced_cost =

   0   0  -1   1   0   0   0   0   0   0

value =  1
enters column:
 3
exits column:
 10
--------------------------------------------------
iteration 4
c =

   0   0  -1   1   0   0   0   0   0   0

b =

   3   2   3   2   1   3   1

current_value =  1
basis =

   1   2   3   5   6   8   9

M =

   1   0   0   0   0   0   1   0   0   0
   0   1   0   1   0   0  -1   0   0   0
   0   0   1  -1   1   0   1   0   0   0
   0   0   1   0   0   1  -1   0   0   0
   0   0   0  -1   0   0   1   1   0   0
   0   0   1   0   0   0   0   0   1   0
   0   0   1  -1   0   0   0   0   0   1

B =

   1   0   0   0   0   0   0
   0   1   0   0   0   0   0
   0   0   1   1   0   0   0
   0   0   1   0   1   0   0
   0   0   0   0   0   1   0
   0   0   1   0   0   0   1
   0   0   1   0   0   0   0

N =

   0   1   0
   1  -1   0
  -1   1   0
   0  -1   0
  -1   1   0
   0   0   0
  -1   0   1

B_inv =

   1   0   0   0  -0   0   0
   0   1   0   0  -0   0   0
   0   0   0   0  -0   0   1
   0   0   1   0   0   0  -1
   0   0   0   1   0   0  -1
   0   0   0   0   1   0   0
   0   0   0   0   0   1  -1

lambda =

   0   0   0   0   0   0  -1

reduced_cost =

   0   0   0   0   0   0   0   0   0   1

value = 0
Optimum found.
Value: 
0
Total number of iterations:
 4
x =

   3   2   1   0   2   1   0   1   2   0

M_f =

   1   0   0   0   0   0   1   0   0   0
   0   1   0   1   0   0  -1   0   0   0
   0   0   1  -1   0   0   0   0   0   1
   0   0   0   0   1   0   1   0   0  -1
   0   0   0   1   0   1  -1   0   0  -1
   0   0   0  -1   0   0   1   1   0   0
   0   0   0   1   0   0   0   0   1  -1

b_f =

   3   2   1   2   1   1   2

basis_f =

   1   2   3   5   6   8   9

value = 0
feasible solution found, starting to optimize solution.
starting!
*******************************************
iteration 1
c =

  -2  -3  -1  -0  -0  -0  -0  -0  -0

b =

   3   2   1   2   1   1   2

current_value = 0
basis =

   1   2   3   5   6   8   9

M =

   1   0   0   0   0   0   1   0   0
   0   1   0   1   0   0  -1   0   0
   0   0   1  -1   0   0   0   0   0
   0   0   0   0   1   0   1   0   0
   0   0   0   1   0   1  -1   0   0
   0   0   0  -1   0   0   1   1   0
   0   0   0   1   0   0   0   0   1

B =

   1   0   0   0   0   0   0
   0   1   0   0   0   0   0
   0   0   1   0   0   0   0
   0   0   0   1   0   0   0
   0   0   0   0   1   0   0
   0   0   0   0   0   1   0
   0   0   0   0   0   0   1

N =

   0   1
   1  -1
  -1   0
   0   1
   1  -1
  -1   1
   1   0

B_inv =

   1  -0  -0  -0  -0  -0  -0
   0   1  -0  -0  -0  -0  -0
   0   0   1  -0  -0  -0  -0
   0   0   0   1  -0  -0  -0
   0   0   0   0   1  -0  -0
   0   0   0   0   0   1  -0
   0   0   0   0   0   0   1

lambda =

  -2  -3  -1   0   0   0   0

reduced_cost =

   0   0   0   2   0   0  -1   0   0

value = -13
enters column:
 7
exits column:
 8
--------------------------------------------------
iteration 2
c =

   0   0   0   2   0   0  -1   0   0

b =

   3   2   1   2   1   1   2

current_value = -13
basis =

   1   2   3   5   6   7   9

M =

   1   0   0   0   0   0   1   0   0
   0   1   0   1   0   0  -1   0   0
   0   0   1  -1   0   0   0   0   0
   0   0   0   0   1   0   1   0   0
   0   0   0   1   0   1  -1   0   0
   0   0   0  -1   0   0   1   1   0
   0   0   0   1   0   0   0   0   1

B =

   1   0   0   0   0   1   0
   0   1   0   0   0  -1   0
   0   0   1   0   0   0   0
   0   0   0   1   0   1   0
   0   0   0   0   1  -1   0
   0   0   0   0   0   1   0
   0   0   0   0   0   0   1

N =

   0   0
   1   0
  -1   0
   0   0
   1   0
  -1   1
   1   0

B_inv =

   1  -0  -0  -0  -0  -1  -0
   0   1  -0  -0  -0   1  -0
   0   0   1  -0  -0  -0  -0
   0   0   0   1  -0  -1  -0
   0   0   0   0   1   1  -0
   0   0   0   0   0   1  -0
   0   0   0   0   0   0   1

lambda =

   0   0   0   0   0  -1   0

reduced_cost =

   0   0   0   1   0   0   0   1   0

value = -14
Optimum found.
Value: 
-14
Total number of iterations:
 2
optimum value:
 14
ans =

   2   3   1   0   1   2   1   0   2