# Created by Octave 3.4.3, Wed Nov 20 04:10:41 2013 Central Standard Time (Mexico) <unknown@unknown>
# name: A
# type: matrix
# rows: 7
# columns: 10
 1 1 1 0 0 0 0 0 0 1
 1 1 0 1 0 0 0 0 0 0
 0 1 1 0 1 0 0 0 0 0
 1 0 1 0 0 1 0 0 0 0
 1 0 0 0 0 0 1 0 0 0
 0 1 0 0 0 0 0 1 0 0
 0 0 1 0 0 0 0 0 1 0


# name: b
# type: matrix
# rows: 1
# columns: 7
 6 5 5 5 3 3 3


# name: c
# type: matrix
# rows: 1
# columns: 10
 0 0 0 0 0 0 0 0 0 1


