# Created by Octave 3.4.3, Wed Nov 20 06:21:24 2013 Central Standard Time (Mexico) <unknown@unknown>
# name: A
# type: matrix
# rows: 7
# columns: 16
 1 1 1 0 0 0 0 0 0 1 0 0 0 0 0 0
 1 1 0 1 0 0 0 0 0 0 1 0 0 0 0 0
 0 1 1 0 1 0 0 0 0 0 0 1 0 0 0 0
 1 0 1 0 0 1 0 0 0 0 0 0 1 0 0 0
 1 0 0 0 0 0 1 0 0 0 0 0 0 1 0 0
 0 1 0 0 0 0 0 1 0 0 0 0 0 0 1 0
 0 0 1 0 0 0 0 0 1 0 0 0 0 0 0 1


# name: b
# type: matrix
# rows: 1
# columns: 7
 6 5 5 5 3 3 3


# name: c
# type: matrix
# rows: 1
# columns: 16
 0 0 0 0 0 0 0 0 0 1 1 1 1 1 1 1


