# Created by Octave 3.6.4, Fri Oct 11 11:22:46 2013 Central Daylight Time (Mexico) <unknown@Ergo>
# name: A
# type: matrix
# rows: 5
# columns: 4
 1.2 2.5 4.8 5.9
 4.2 3.5 2.4 3.1
 4.8 5.7 5.8 5.1
 2.5 2.7 5.4 5.3
 1.7 2.4 4.5 4.8


# name: P
# type: matrix
# rows: 5
# columns: 4
 1 2 4 5
 4 3 2 3
 4 5 5 5
 2 2 5 5
 1 2 4 4


# name: ans
# type: bool
1


# name: m1
# type: matrix
# rows: 5
# columns: 1
 2
 1
 2
 1
 2


# name: m2
# type: matrix
# rows: 1
# columns: 4
 2 2 2 2


